블럭(클래스)의 종류, x, y, hidden, item_num, 아이템들....저장
1 -25 25 0 0
1 -25 75 0 0
1 -25 125 0 0
1 -25 175 0 0
1 -25 225 0 0
1 -25 275 0 0
1 -25 325 0 0
1 -25 375 0 0
1 -25 425 0 0
1 25 25 0 0
1 75 25 0 0
1 125 25 0 0
1 175 25 0 0
1 225 25 0 0
1 275 25 0 0
1 325 25 0 0
1 375 25 0 0
1 375 25 0 0
1 425 25 0 0
1 475 25 0 0
1 475 75 0 0
1 525 25 0 0
1 525 75 0 0
1 525 125 0 0
1 575 25 0 0
1 575 125 0 0
1 575 75 0 0
1 575 175 0 0
1 625 25 0 0
1 625 175 0 0
1 625 125 0 0
1 625 75 0 0
1 625 225 0 0
1 675 25 0 0
1 675 225 0 0
1 725 25 0 0
1 725 225 0 0
1 775 25 0 0
1 775 225 0 0
1 825 25 0 0
1 825 225 0 0
1 875 25 0 0
2 875 225 0 1 5
1 925 25 0 0
1 925 225 0 0
1 975 25 0 0
1 975 925 0 0
1 975 875 0 0
1 1025 25 0 0
1 1025 775 0 0
1 1025 825 0 0
3 1025 875 0 0
3 1025 925 0 0
3 1025 975 0 0
1 1075 25 0 0
1 1075 575 0 0
1 1075 625 0 0
1 1075 725 0 0
1 1075 675 0 0
3 1075 775 0 0
3 1075 825 0 0
3 1075 875 0 0
3 1075 925 0 0
3 1075 975 0 0
1 1125 25 0 0
1 1125 75 0 0
1 1125 125 0 0
1 1125 175 0 0
1 1125 375 0 0
1 1125 425 0 0
1 1125 475 0 0
1 1125 525 0 0
1 1125 575 0 0
3 1125 625 0 0
3 1125 675 0 0
3 1125 725 0 0
3 1125 775 0 0
3 1125 825 0 0
3 1125 875 0 0
3 1125 925 0 0
3 1125 975 0 0
1 1175 25 0 0
1 1175 325 0 0
1 1175 375 0 0
3 1175 625 0 0
3 1175 575 0 0
3 1175 525 0 0
3 1175 475 0 0
3 1175 425 0 0
3 1175 675 0 0
3 1175 725 0 0
3 1175 825 0 0
3 1175 925 0 0
3 1175 875 0 0
3 1175 775 0 0
3 1175 975 0 0
1 1225 25 0 0
1 1225 325 0 0
3 1225 625 0 0
3 1225 575 0 0
3 1225 525 0 0
3 1225 475 0 0
3 1225 425 0 0
3 1225 375 0 0
3 1225 675 0 0
3 1225 725 0 0
3 1225 825 0 0
3 1225 875 0 0
3 1225 975 0 0
3 1225 925 0 0
3 1225 775 0 0
1 1275 25 0 0
1 1275 325 0 0
1 1275 275 0 0
1 1275 225 0 0
1 1275 175 0 0
1 1275 125 0 0
1 1275 375 0 0
1 1275 425 0 0
1 1275 475 0 0
1 1275 525 0 0
1 1275 575 0 0
1 1275 625 0 0
1 1275 675 0 0
1 1275 725 0 0
1 1275 775 0 0
1 1275 825 0 0
1 1275 925 0 0
1 1275 875 0 0
1 1275 975 0 0
1 1325 25 0 0
1 1325 125 0 0
1 1325 275 0 0
1 1325 475 0 0
2 1325 675 0 5 4 4 4 4 3
1 1375 25 0 0
1 1375 125 0 0
1 1375 275 0 0
1 1425 25 0 0
1 1425 125 0 0
1 1475 25 0 0
1 1475 125 0 0
1 1475 625 0 0
1 1525 25 0 0
1 1525 125 0 0
1 1525 475 0 0
1 1525 525 0 0
1 1525 575 0 0
1 1525 625 0 0
1 1575 25 0 0
1 1575 125 0 0
1 1575 425 0 0
1 1575 475 0 0
1 1625 25 0 0
1 1625 325 0 0
1 1625 375 0 0
1 1625 425 0 0
2 1625 125 0 1 1
1 1675 25 0 0
1 1675 125 0 0
1 1675 325 0 0
1 1725 25 0 0
1 1725 125 0 0
1 1725 325 0 0
1 1775 25 0 0
1 1775 125 0 0
1 1775 325 0 0
1 1825 25 0 0
1 1825 125 0 0
1 1825 325 0 0
1 1875 25 0 0
1 1875 125 0 0
1 1875 325 0 0
1 1925 25 0 0
3 1925 125 0 0
1 1925 325 0 0
1 1975 25 0 0
3 1975 125 0 0
1 1975 325 0 0
1 2025 25 0 0
1 2025 125 0 0
1 2025 75 0 0
1 2025 175 0 0
1 2025 225 0 0
1 2025 275 0 0
1 2025 325 0 0
1 2075 25 0 0
1 2125 25 0 0
1 2175 25 0 0
1 2175 225 0 0
1 2175 525 0 0
1 2175 575 0 0
1 2175 625 0 0
1 2175 675 0 0
1 2175 725 0 0
1 2175 775 0 0
1 2175 825 0 0
1 2175 875 0 0
1 2225 25 0 0
1 2225 225 0 0
2 2225 475 0 7 4 4 4 4 4 4 1
1 2275 25 0 0
1 2275 225 0 0
1 2275 325 0 0
2 2275 475 0 5 4 4 4 4 4
1 2325 25 0 0
1 2325 225 0 0
1 2325 325 0 0
2 2325 475 1 1 1
1 2375 25 0 0
1 2375 225 0 0
1 2375 325 0 0
2 2375 475 0 5 4 4 4 4 4
1 2425 25 0 0
1 2425 325 0 0
2 2425 475 0 6 4 4 4 4 4 1
2 2425 225 0 3 4 4 4
1 2475 225 0 0
1 2475 325 0 0
3 2475 525 1 0
3 2475 475 1 0
1 2475 25 0 0
1 2525 225 0 0
2 2525 325 0 6 4 4 4 4 4 4
3 2525 525 1 0
3 2525 475 1 0
1 2525 25 0 0
1 2575 25 0 0
1 2575 325 0 0
2 2575 225 0 3 4 4 4
3 2575 525 1 0
3 2575 475 1 0
1 2625 25 0 0
1 2625 225 0 0
1 2625 325 0 0
1 2675 25 0 0
1 2675 225 0 0
2 2675 325 0 9 4 4 4 4 4 4 4 4 4
1 2725 25 0 0
1 2725 225 0 0
1 2725 325 0 0
1 2775 25 0 0
1 2775 325 0 0
2 2775 225 0 3 4 4 4
1 2825 25 0 0
1 2825 225 0 0
1 2825 325 0 0
1 2875 25 0 0
1 2875 225 0 0
1 2875 325 0 0
1 2925 25 0 0
1 2925 225 0 0
2 2925 325 0 3 4 4 4
1 2975 25 0 0
1 2975 225 0 0
1 2975 325 0 0
1 3025 25 0 0
1 3025 225 0 0
1 3025 325 0 0
1 3075 25 0 0
1 3075 225 0 0
1 3075 275 0 0
1 3075 325 0 0
1 3075 375 0 0
1 3075 425 0 0
1 3075 475 0 0
1 3075 525 0 0
1 3075 575 0 0
1 3075 625 0 0
1 3075 675 0 0
1 3075 725 0 0
1 3075 775 0 0
1 3075 825 0 0
1 3075 875 0 0
1 3125 25 0 0
2 3125 375 1 4 4 4 4 1
3 3125 675 0 0
1 3175 25 0 0
3 3175 675 0 0
2 3175 375 1 5 4 4 4 4 3
1 3225 25 0 0
2 3225 225 1 4 4 4 4 3
2 3225 525 1 4 4 4 4 2
3 3225 675 0 0
1 3275 25 0 0
2 3275 225 1 4 4 4 4 3
3 3275 675 0 0
2 3275 525 1 4 4 4 4 3
1 3325 25 0 0
2 3325 375 1 4 4 4 4 2
1 3325 675 0 0
1 3375 25 0 0
2 3375 375 1 4 4 4 4 1
1 3375 675 0 0
1 3425 25 0 0
1 3425 75 0 0
1 3425 125 0 0
1 3425 175 0 0
1 3425 225 0 0
1 3425 275 0 0
1 3425 325 0 0
1 3425 375 0 0
1 3425 425 0 0
1 3425 475 0 0
1 3425 525 0 0
1 3425 575 0 0
1 3425 625 0 0
1 3425 675 0 0
1 3425 725 0 0
1 3425 775 0 0
1 3475 25 0 0
1 3475 525 0 0
1 3475 225 0 0
1 3525 25 0 0
1 3525 525 0 0
1 3525 225 0 0
1 3575 25 0 0
1 3625 25 0 0
1 3675 25 0 0
1 3725 25 0 0
1 3725 375 0 0
1 3775 25 0 0
1 3775 375 0 0
1 3825 25 0 0
1 3825 175 0 0
1 3825 225 0 0
1 3825 275 0 0
1 3825 375 0 0
1 3825 325 0 0
1 3825 425 0 0
1 3825 475 0 0
1 3825 525 0 0
1 3825 575 0 0
1 3825 625 0 0
1 3825 675 0 0
1 3825 725 0 0
1 3825 775 0 0
1 3875 25 0 0
1 3925 25 0 0
1 3975 25 0 0
1 4025 25 0 0
1 4025 75 0 0
1 4025 125 0 0
1 4025 175 0 0
1 4025 225 0 0
1 4025 275 0 0
1 4025 325 0 0
1 4025 375 0 0
1 4025 425 0 0
1 4025 475 0 0
1 4025 525 0 0
1 4025 575 0 0
1 4025 625 0 0
1 4025 675 0 0
1 4025 725 0 0
1 4025 775 0 0
1 4025 825 0 0
1 4025 875 0 0
1 4025 925 0 0
1 4025 975 0 0
1 4025 1025 0 0
1 4025 1075 0 0
1 4025 1125 0 0
1 4025 1175 0 0
1 4025 1225 0 0
1 4025 1275 0 0
1 4025 1325 0 0
1 4025 1425 0 0
1 4025 1375 0 0
1 4025 1475 0 0
1 4025 1525 0 0
1 4025 1575 0 0
