블럭(클래스)의 종류, x, y, hidden, item_num, 아이템들....저장
1 -25 25 0 0
1 -25 75 0 0
1 -25 125 0 0
1 -25 175 0 0
1 -25 225 0 0
1 -25 275 0 0
1 -25 325 0 0
1 -25 375 0 0
1 -25 425 0 0
1 -25 475 0 0
1 -25 525 0 0
1 -25 575 0 0
1 25 25 0 0
1 75 25 0 0
1 125 25 0 0
1 175 25 0 0
1 225 25 0 0
1 275 25 0 0
1 325 25 0 0
1 375 25 0 0
1 375 25 0 0
2 375 225 0 3 1 1 1
1 375 75 0 0
1 375 125 0 0
1 425 25 0 0
2 425 225 1 3 1 1 1
1 475 25 0 0
1 525 25 0 0
1 575 25 0 0
2 575 225 0 3 2 2 2
1 625 25 0 0
1 675 25 0 0
2 675 225 0 3 3 3 3
1 725 25 0 0
1 775 25 0 0
2 775 225 0 11 4 4 4 4 4 4 4 4 4 4 4
1 825 25 0 0
1 875 25 0 0
1 925 25 0 0
1 975 25 0 0
1 1025 25 0 0
1 1075 25 0 0
1 1125 25 0 0
1 1175 25 0 0
1 1225 25 0 0
