블럭(클래스)의 종류, x, y, hidden, item_num, 아이템들....저장
1 -25 25 0 0
1 -25 75 0 0
1 -25 125 0 0
1 -25 175 0 0
1 -25 225 0 0
1 -25 275 0 0
1 -25 325 0 0
1 -25 375 0 0
1 -25 425 0 0
1 25 25 0 0
1 75 25 0 0
1 125 25 0 0
1 175 25 0 0
1 225 25 0 0
1 275 25 0 0
2 275 225 0 0
1 325 25 0 0
1 375 25 0 0
1 375 25 0 0
2 375 225 0 0
1 425 25 0 0
1 475 25 0 0
2 475 225 0 0
1 525 25 0 0
1 575 25 0 0
2 575 225 0 0
1 625 25 0 0
2 625 225 1 1 2
1 675 25 0 0
2 675 225 0 0
1 725 25 0 0
1 775 25 0 0
2 775 225 0 0
1 825 25 0 0
1 875 25 0 0
2 875 225 0 0
1 925 25 0 0
1 975 25 0 0
1 1025 25 0 0
1 1075 25 0 0
1 1125 25 0 0
1 1125 175 0 0
1 1125 225 0 0
1 1125 425 0 0
1 1125 375 0 0
1 1125 325 0 0
1 1125 275 0 0
1 1125 475 0 0
1 1125 475 0 0
1 1125 525 0 0
1 1125 575 0 0
1 1175 25 0 0
1 1175 175 0 0
1 1175 375 0 0
1 1225 25 0 0
1 1225 175 0 0
1 1275 25 0 0
1 1275 175 0 0
1 1325 25 0 0
1 1325 175 0 0
1 1325 425 0 0
1 1325 475 0 0
1 1375 25 0 0
2 1375 425 0 1 2
2 1375 175 0 1 1
1 1425 25 0 0
1 1425 425 0 0
1 1475 25 0 0
1 1475 425 0 0
1 1525 25 0 0
1 1525 375 0 0
1 1575 25 0 0
1 1575 375 0 0
1 1625 25 0 0
1 1625 75 0 0
1 1625 125 0 0
1 1625 175 0 0
1 1625 225 0 0
1 1625 275 0 0
1 1625 325 0 0
1 1675 25 0 0
1 1675 325 0 0
1 1725 25 0 0
1 1775 25 0 0
1 1775 225 0 0
1 1825 25 0 0
1 1825 225 0 0
1 1875 25 0 0
1 1875 225 0 0
1 1925 25 0 0
1 1925 425 0 0
1 1925 625 0 0
1 1925 825 0 0
1 1925 225 0 0
1 1975 225 0 0
1 1975 325 0 0
1 1975 375 0 0
1 1975 425 0 0
1 1975 475 0 0
1 1975 525 0 0
1 1975 575 0 0
1 1975 625 0 0
1 1975 675 0 0
1 1975 725 0 0
1 1975 775 0 0
1 1975 825 0 0
1 2025 225 0 0
1 2025 675 0 0
1 2025 325 0 0
1 2075 25 0 0
1 2075 225 0 0
1 2075 675 0 0
1 2075 325 0 0
1 2125 25 0 0
1 2125 225 0 0
1 2125 675 0 0
1 2125 325 0 0
1 2175 25 0 0
1 2175 225 0 0
1 2175 675 0 0
1 2175 325 0 0
1 2225 25 0 0
1 2225 225 0 0
1 2225 675 0 0
1 2225 325 0 0
1 2275 25 0 0
1 2275 225 0 0
1 2275 675 0 0
1 2275 325 0 0
1 2325 25 0 0
1 2325 225 0 0
1 2325 675 0 0
1 2325 275 0 0
1 2325 325 0 0
1 2375 25 0 0
1 2375 225 0 0
1 2375 675 0 0
1 2375 725 0 0
1 2425 25 0 0
1 2425 225 0 0
1 2425 675 0 0
1 2475 25 0 0
1 2475 225 0 0
1 2475 675 0 0
1 2525 25 0 0
1 2525 225 0 0
1 2525 675 0 0
1 2575 25 0 0
1 2575 225 0 0
1 2575 675 0 0
2 2575 825 0 5 4 4 4 4 4
1 2625 25 0 0
1 2625 225 0 0
1 2625 675 0 0
2 2625 825 0 1 3
1 2675 25 0 0
1 2675 225 0 0
1 2675 675 0 0
1 2675 825 0 0
1 2725 25 0 0
1 2725 225 0 0
1 2725 675 0 0
1 2725 825 0 0
1 2775 25 0 0
1 2775 225 0 0
1 2775 275 0 0
1 2775 325 0 0
1 2775 375 0 0
1 2775 425 0 0
1 2775 475 0 0
1 2775 525 0 0
1 2775 575 0 0
1 2775 625 0 0
1 2775 825 0 0
1 2775 875 0 0
1 2775 675 0 0
1 2825 25 0 0
1 2825 225 0 0
1 2825 425 0 0
1 2875 25 0 0
1 2875 225 1 0
1 2925 25 0 0
1 2925 225 1 0
1 2975 25 0 0
1 2975 625 0 0
1 2975 225 1 0
1 3025 25 0 0
1 3025 225 0 0
1 3025 275 0 0
1 3025 325 0 0
1 3025 375 0 0
1 3025 425 0 0
1 3025 475 0 0
1 3025 525 0 0
1 3025 625 0 0
1 3025 725 0 0
1 3025 775 0 0
1 3025 675 0 0
1 3025 575 0 0
1 3025 175 0 0
1 3025 75 0 0
1 3025 125 0 0
1 3075 25 0 0
1 3075 775 0 0
1 3125 25 0 0
1 3175 25 0 0
1 3225 25 0 0
1 3275 25 0 0
1 3275 225 0 0
1 3325 25 0 0
1 3325 225 0 0
1 3375 25 0 0
1 3375 225 0 0
1 3375 275 0 0
1 3375 325 0 0
1 3375 375 0 0
1 3375 575 0 0
1 3375 675 0 0
1 3375 675 0 0
1 3375 475 0 0
1 3375 525 0 0
1 3375 425 0 0
1 3375 725 0 0
1 3375 775 0 0
1 3375 825 0 0
1 3375 875 0 0
1 3375 925 0 0
1 3375 975 0 0
1 3375 1025 0 0
1 3375 1075 0 0
1 3375 1125 0 0
1 3375 1175 0 0
1 3375 1275 0 0
1 3375 1375 0 0
1 3375 1425 0 0
1 3375 1325 0 0
1 3375 1225 0 0
1 3375 625 0 0
1 3425 25 0 0
3 3425 425 0 0
3 3425 825 0 0
2 3425 225 0 3 4 4 4
2 3425 625 0 3 4 4 4
1 3475 25 0 0
3 3475 425 0 0
3 3475 825 0 0
2 3475 225 0 3 4 4 4
2 3475 625 0 3 4 4 4
1 3525 25 0 0
3 3525 225 0 0
3 3525 625 0 0
2 3525 825 0 3 4 4 4
2 3525 425 0 3 4 4 4
1 3575 25 0 0
3 3575 225 0 0
3 3575 625 0 0
2 3575 425 0 3 4 4 4
2 3575 825 0 3 4 4 4
1 3625 25 0 0
3 3625 225 0 0
3 3625 625 0 0
2 3625 425 0 3 4 4 4
2 3625 825 0 3 4 4 4
1 3675 25 0 0
3 3675 425 0 0
3 3675 825 0 0
2 3675 225 0 3 4 4 4
2 3675 625 0 3 4 4 4
1 3725 25 0 0
2 3725 625 0 3 4 4 4
2 3725 225 0 3 4 4 4
3 3725 425 0 0
3 3725 825 0 0
1 3775 25 0 0
1 3775 75 0 0
1 3775 125 0 0
1 3775 175 0 0
1 3775 225 0 0
1 3775 275 0 0
1 3775 325 0 0
1 3775 375 0 0
1 3775 425 0 0
1 3775 475 0 0
1 3775 525 0 0
1 3775 575 0 0
1 3775 625 0 0
1 3775 725 0 0
1 3775 675 0 0
1 3775 775 0 0
1 3775 825 0 0
1 3775 875 0 0
1 3825 25 0 0
1 3875 25 0 0
1 3925 25 0 0
1 3975 25 0 0
1 4025 25 0 0
1 4025 75 0 0
1 4025 125 0 0
1 4025 175 0 0
1 4025 225 0 0
1 4025 275 0 0
1 4025 325 0 0
1 4025 375 0 0
1 4025 425 0 0
1 4025 475 0 0
1 4025 525 0 0
1 4025 575 0 0
1 4025 625 0 0
1 4025 675 0 0
1 4025 725 0 0
1 4025 775 0 0
1 4025 825 0 0
1 4025 875 0 0
1 4025 925 0 0
1 4025 975 0 0
1 4025 1025 0 0
1 4025 1075 0 0
1 4025 1125 0 0
1 4025 1175 0 0
1 4025 1225 0 0
1 4025 1275 0 0
1 4025 1325 0 0
1 4025 1425 0 0
1 4025 1375 0 0
1 4025 1475 0 0
1 4025 1525 0 0
1 4025 1575 0 0
