블럭(클래스)의 종류, x, y, hidden, item_num, 아이템들....저장
1 -25 25 0 0
1 -25 75 0 0
1 -25 125 0 0
1 -25 175 0 0
1 -25 225 0 0
1 -25 275 0 0
1 -25 325 0 0
1 -25 375 0 0
1 -25 425 0 0
1 25 25 0 0
1 75 25 0 0
1 125 25 0 0
1 175 25 0 0
1 225 25 0 0
1 275 25 0 0
1 325 25 0 0
1 325 75 0 0
1 375 25 0 0
1 375 25 0 0
1 375 125 0 0
1 375 75 0 0
1 425 25 0 0
1 425 75 0 0
1 425 125 0 0
1 425 175 0 0
1 475 25 0 0
1 475 225 0 0
1 475 175 0 0
1 475 125 0 0
1 475 75 0 0
1 525 25 0 0
2 525 175 1 0
1 575 25 0 0
2 575 175 1 0
1 625 25 0 0
2 625 175 1 0
1 675 25 0 0
1 725 25 0 0
1 775 25 0 0
1 825 25 0 0
1 875 25 0 0
1 925 25 0 0
1 925 75 0 0
1 975 25 0 0
1 975 125 0 0
1 975 175 0 0
1 975 75 0 0
3 975 375 1 0
1 1025 25 0 0
3 1025 375 1 0
1 1075 25 0 0
3 1075 375 1 0
1 1125 25 0 0
1 1125 375 0 0
1 1175 25 0 0
1 1175 375 0 0
2 1175 525 0 6 4 4 4 4 4 4
1 1225 25 0 0
1 1225 375 0 0
2 1225 525 0 5 4 4 4 4 4
1 1275 25 0 0
1 1275 375 0 0
2 1275 525 0 10 4 4 4 4 4 4 4 4 4 1
1 1325 25 0 0
2 1325 525 0 6 4 4 4 4 4 4
1 1325 375 0 0
1 1375 25 0 0
2 1375 525 0 5 4 4 4 4 4
1 1375 375 0 0
1 1425 25 0 0
1 1425 375 0 0
1 1475 25 0 0
1 1475 375 0 0
2 1475 525 0 0
1 1525 25 0 0
1 1525 375 0 0
2 1525 525 0 0
1 1525 75 0 0
1 1525 125 0 0
1 1575 25 0 0
1 1575 375 0 0
2 1575 525 0 0
3 1575 125 1 0
1 1625 25 0 0
1 1625 75 0 0
1 1625 125 0 0
1 1675 25 0 0
1 1725 25 0 0
1 1775 25 0 0
1 1825 25 0 0
1 1875 25 0 0
1 1925 25 0 0
1 1975 25 0 0
1 2025 25 0 0
1 2075 25 0 0
1 2125 25 0 0
1 2175 25 0 0
1 2225 25 0 0
1 2275 25 0 0
1 2275 75 0 0
1 2275 125 0 0
1 2325 25 0 0
2 2325 125 0 5 4 4 4 4 4
1 2375 125 0 0
1 2375 25 0 0
1 2425 125 0 0
1 2425 25 0 0
1 2475 25 0 0
3 2475 125 1 0
3 2475 175 1 0
1 2525 25 0 0
1 2525 75 0 0
1 2525 125 0 0
1 2575 25 0 0
1 2625 25 0 0
1 2675 25 0 0
1 2725 25 0 0
1 2775 25 0 0
1 2825 25 0 0
1 2875 25 0 0
1 2925 25 0 0
1 2975 25 0 0
1 3025 25 0 0
1 3025 75 0 0
1 3025 125 0 0
1 3025 175 0 0
1 3025 225 0 0
1 3025 275 0 0
1 3025 325 0 0
1 3025 375 0 0
1 3025 425 0 0
1 3025 475 0 0
1 3025 525 0 0
1 3025 625 0 0
1 3025 725 0 0
1 3025 775 0 0
1 3025 675 0 0
1 3025 575 0 0
